ht,htSum
FLA2014,294
fla2014,65
pescara,37
Colosseo,35
LiveOn4G,34
entula,34
Fla2014,29
Pescara,27
iostoconeuropa,23
Mentana,20
Abruzzo,19
aldocazzullo,19
internet,17
LaPadania,13
news,12
